0.001005,"[ 0  0  0  0  0  0  0  0  0  0  0  0  0  0  0  0  0  0  0  2  1  2  6 13 18
 35 36 51 51 55 63 59 61 33 42 26 25 11  3  4  1  1  0  1  0  0  0  0  0  0
  0  0  0  0  0  0  0  0  0  0]"
0.002005,"[ 0  0  0  0  0  0  0  0  0  0  0  0  0  0  0  0  0  0  0  1  1  4 10 16 27
 26 27 46 64 51 54 59 52 55 35 31 19 10  2  4  4  1  0  1  0  0  0  0  0  0
  0  0  0  0  0  0  0  0  0  0]"
0.003005,"[ 0  0  0  0  0  0  0  0  0  0  0  0  0  0  0  0  0  0  0  0  2  5  6 17 16
 31 38 50 54 64 51 63 55 35 35 37 17  9  3  4  5  3  0  0  0  0  0  0  0  0
  0  0  0  0  0  0  0  0  0  0]"
0.004005,"[ 0  0  0  0  0  0  0  0  0  0  0  0  0  0  0  0  0  0  1  0  2  2 12  6 25
 31 37 45 51 67 53 63 57 44 35 30 14 13  5  2  3  1  1  0  0  0  0  0  0  0
  0  0  0  0  0  0  0  0  0  0]"
0.005005,"[ 0  0  0  0  0  0  0  0  0  0  0  0  0  0  0  0  0  0  1  2  4 10  8  8 23
 25 34 64 53 57 63 48 53 41 32 23 21 14  5  5  4  1  1  0  0  0  0  0  0  0
  0  0  0  0  0  0  0  0  0  0]"
0.006005,"[ 0  0  0  0  0  0  0  0  0  0  0  0  0  0  0  0  0  0  1  1  1  3  6 18 19
 28 45 42 57 60 65 56 53 39 36 19 20 16  5  7  2  0  0  0  0  1  0  0  0  0
  0  0  0  0  0  0  0  0  0  0]"
0.007005,"[ 0  0  0  0  0  0  0  0  0  0  0  0  0  0  0  0  0  0  0  0  4  3  6 13 20
 32 32 45 54 62 66 61 53 52 40 25  9 10  9  2  1  0  1  0  0  0  0  0  0  0
  0  0  0  0  0  0  0  0  0  0]"
0.008005,"[ 0  0  0  0  0  0  0  0  0  0  0  0  0  0  0  0  0  0  0  0  4  3  7 11 17
 31 32 45 57 64 66 59 45 42 42 28 18 10  8  5  0  5  1  0  0  0  0  0  0  0
  0  0  0  0  0  0  0  0  0  0]"
0.009005,"[ 0  0  0  0  0  0  0  0  0  0  0  0  0  0  0  1  0  0  2  3  2  6  6  7 23
 30 40 53 44 61 70 58 48 40 34 30 12 13  9  4  2  0  0  1  1  0  0  0  0  0
  0  0  0  0  0  0  0  0  0  0]"
0.010005,"[ 0  0  0  0  0  0  0  0  0  0  0  0  0  0  0  0  0  0  0  0  0  3  9  8 17
 18 35 36 59 70 68 56 46 43 40 33 22 12 15  4  4  0  1  0  1  0  0  0  0  0
  0  0  0  0  0  0  0  0  0  0]"
0.011005,"[ 0  0  0  0  0  0  0  0  0  0  0  0  0  0  0  0  0  0  0  0  1  6  9 11 23
 25 42 42 64 60 61 57 64 40 31 26 17  8  5  5  1  1  1  0  0  0  0  0  0  0
  0  0  0  0  0  0  0  0  0  0]"
0.012005,"[ 0  0  0  0  0  0  0  0  0  0  0  0  0  0  0  0  0  0  1  3  6  6  5  9 14
 33 34 37 63 53 65 67 47 44 44 20 18 11  9  8  1  2  0  0  0  0  0  0  0  0
  0  0  0  0  0  0  0  0  0  0]"
0.013005,"[ 0  0  0  0  0  0  0  0  0  0  0  0  0  0  0  0  0  0  1  1  0  1  7 16 17
 27 54 32 65 54 60 56 59 40 33 28 20 12  9  5  2  1  0  0  0  0  0  0  0  0
  0  0  0  0  0  0  0  0  0  0]"
0.014005,"[ 0  0  0  0  0  0  0  0  0  0  0  0  0  0  0  0  0  0  1  3  1  5  5  7 25
 30 34 48 46 59 74 60 57 55 25 27 12 14  5  2  3  1  1  0  0  0  0  0  0  0
  0  0  0  0  0  0  0  0  0  0]"
0.015005,"[ 0  0  0  0  0  0  0  0  0  0  0  0  0  0  0  0  0  0  2  0  1  4  8 11 25
 25 38 48 36 67 56 76 43 67 36 23  8  6  9  6  4  1  0  0  0  0  0  0  0  0
  0  0  0  0  0  0  0  0  0  0]"
0.016005,"[ 0  0  0  0  0  0  0  0  0  0  0  0  0  0  0  0  0  0  0  0  2  5 11 21 15
 23 32 40 64 73 71 45 54 45 32 19 19 12 13  3  1  0  0  0  0  0  0  0  0  0
  0  0  0  0  0  0  0  0  0  0]"
0.017005,"[ 0  0  0  0  0  0  0  0  0  0  0  0  0  0  0  0  0  0  0  1  3  7 15 16 26
 37 26 36 56 55 61 65 45 34 30 39 23 12  5  1  3  2  2  0  0  0  0  0  0  0
  0  0  0  0  0  0  0  0  0  0]"
0.018005,"[ 0  0  0  0  0  0  0  0  0  0  0  0  0  0  0  0  1  1  0  1  4  3  7 19 23
 27 42 39 49 67 55 68 47 42 37 21 18  8 10  7  3  1  0  0  0  0  0  0  0  0
  0  0  0  0  0  0  0  0  0  0]"
0.019005,"[ 0  0  0  0  0  0  0  0  0  0  0  0  0  0  0  1  0  1  4  1  1  3  6 15 19
 24 36 56 50 47 63 79 49 45 33 24 15  8  9  7  3  1  0  0  0  0  0  0  0  0
  0  0  0  0  0  0  0  0  0  0]"
0.020005,"[ 0  0  0  0  0  0  0  0  0  0  0  0  0  0  0  0  1  0  0  1  4  3 12 16 17
 22 47 44 47 58 71 56 59 40 33 22 16 16  7  4  3  1  0  0  0  0  0  0  0  0
  0  0  0  0  0  0  0  0  0  0]"
0.021005,"[ 0  0  0  0  0  0  0  0  0  0  0  0  0  0  0  0  0  0  0  3  1  5 12 13 24
 25 39 58 49 61 57 66 51 42 38 20 17 10  5  2  2  0  0  0  0  0  0  0  0  0
  0  0  0  0  0  0  0  0  0  0]"
0.022005,"[ 0  0  0  0  0  0  0  0  0  0  0  0  0  0  0  0  0  0  1  1  3  5  9 11 22
 25 38 49 52 61 60 55 63 45 32 24 20 11  8  1  2  1  1  0  0  0  0  0  0  0
  0  0  0  0  0  0  0  0  0  0]"
0.023005,"[ 0  0  0  0  0  0  0  0  0  0  0  0  0  0  0  0  0  0  0  2  3  2  9  9 18
 27 35 48 53 59 68 81 48 47 32 22 14 13  6  3  0  1  0  0  0  0  0  0  0  0
  0  0  0  0  0  0  0  0  0  0]"
0.024005,"[ 0  0  0  0  0  0  0  0  0  0  0  0  0  0  0  0  0  1  0  0  1  1  1 11 19
 36 45 50 57 64 57 55 53 40 35 27 23 13  8  1  1  1  0  0  0  0  0  0  0  0
  0  0  0  0  0  0  0  0  0  0]"
0.025005,"[ 0  0  0  0  0  0  0  0  0  0  0  0  0  0  0  0  0  0  0  1  2 10 12 10 14
 34 34 53 55 43 69 55 60 40 32 20 24 11 13  5  1  2  0  0  0  0  0  0  0  0
  0  0  0  0  0  0  0  0  0  0]"
0.026005,"[ 0  0  0  0  0  0  0  0  0  0  0  0  0  0  0  0  0  0  0  3  1  5 11 16 26
 24 45 50 64 59 68 45 47 46 34 24  7 11  4  7  1  2  0  0  0  0  0  0  0  0
  0  0  0  0  0  0  0  0  0  0]"
0.027005,"[ 0  0  0  0  0  0  0  0  0  0  0  0  0  0  0  0  0  0  0  2  2  8  8  9 20
 19 47 39 57 65 63 66 49 47 24 36 19 10  6  2  2  0  0  0  0  0  0  0  0  0
  0  0  0  0  0  0  0  0  0  0]"
0.028005,"[ 0  0  0  0  0  0  0  0  0  0  0  0  0  0  0  0  0  1  0  3  2  3  6 12 19
 21 35 47 59 51 52 75 61 35 45 35 17 11  6  3  1  0  0  0  0  0  0  0  0  0
  0  0  0  0  0  0  0  0  0  0]"
0.029005,"[ 0  0  0  0  0  0  0  0  0  0  0  0  0  0  0  0  0  1  1  0  3  5 10 21 23
 23 41 43 59 51 68 52 52 49 36 17 24 12  4  1  1  1  2  0  0  0  0  0  0  0
  0  0  0  0  0  0  0  0  0  0]"
0.030005,"[ 0  0  0  0  0  0  0  0  0  0  0  0  0  0  0  0  0  0  0  1  1  8  6 15 29
 43 38 47 54 66 58 41 42 50 34 26 16 10  8  1  3  2  1  0  0  0  0  0  0  0
  0  0  0  0  0  0  0  0  0  0]"
0.031005,"[ 0  0  0  0  0  0  0  0  0  0  0  0  0  0  0  1  0  0  2  2  3  7  9  8 28
 32 39 50 49 57 48 64 54 49 26 31 13 12 10  4  1  1  0  0  0  0  0  0  0  0
  0  0  0  0  0  0  0  0  0  0]"
0.032005,"[ 0  0  0  0  0  0  0  0  0  0  0  0  0  0  0  0  0  0  0  0  1  7  7 17 24
 38 42 47 48 58 69 46 57 44 26 29 18 12  5  4  0  1  0  0  0  0  0  0  0  0
  0  0  0  0  0  0  0  0  0  0]"
0.033005,"[ 0  0  0  0  0  0  0  0  0  0  0  0  0  0  0  0  0  1  0  1  3  5 18 12 21
 33 25 55 60 50 59 70 45 52 37 22  9 11  4  4  1  1  1  0  0  0  0  0  0  0
  0  0  0  0  0  0  0  0  0  0]"
0.034005,"[ 0  0  0  0  0  0  0  0  0  0  0  0  0  0  0  0  0  0  0  0  2  5 10 16 27
 18 36 44 64 54 57 64 69 44 36 16 21  6  2  6  2  1  0  0  0  0  0  0  0  0
  0  0  0  0  0  0  0  0  0  0]"
0.035005,"[ 0  0  0  0  0  0  0  0  0  0  0  0  0  0  0  0  0  0  1  1  2  3  5 15 12
 31 38 41 70 57 58 52 57 44 34 29 11 18  9  9  2  0  0  0  1  0  0  0  0  0
  0  0  0  0  0  0  0  0  0  0]"
0.036005,"[ 0  0  0  0  0  0  0  0  0  0  0  0  0  0  0  0  0  1  0  1  4  3  4 15 20
 26 38 62 45 58 72 57 55 40 34 27 14  9  7  4  2  2  0  0  0  0  0  0  0  0
  0  0  0  0  0  0  0  0  0  0]"
0.037005,"[ 0  0  0  0  0  0  0  0  0  0  0  0  0  0  0  0  0  0  0  0  0  5 11 12 31
 30 38 54 63 56 45 61 61 54 26 19 13 11  4  1  3  1  1  0  0  0  0  0  0  0
  0  0  0  0  0  0  0  0  0  0]"
0.038005,"[ 0  0  0  0  0  0  0  0  0  0  0  0  0  0  0  0  0  1  1  1  1  1  9 12 15
 35 42 47 65 55 63 57 54 39 35 29 11 14  8  2  1  2  0  0  0  0  0  0  0  0
  0  0  0  0  0  0  0  0  0  0]"
0.039005,"[ 0  0  0  0  0  0  0  0  0  0  0  0  0  0  0  0  0  1  0  0  4  7  7 14 17
 29 31 55 73 54 66 65 53 30 35 23 20  6  3  4  3  0  0  0  0  0  0  0  0  0
  0  0  0  0  0  0  0  0  0  0]"
0.040005,"[ 0  0  0  0  0  0  0  0  0  0  0  0  0  0  0  0  0  0  0  1  2  4  7 13 21
 35 33 35 55 58 64 64 51 44 43 29 11 11 11  5  1  1  1  0  0  0  0  0  0  0
  0  0  0  0  0  0  0  0  0  0]"
0.041005,"[ 0  0  0  0  0  0  0  0  0  0  0  0  0  0  0  0  0  0  0  3  0  5  6 14 21
 42 40 57 56 51 59 61 47 38 29 25 17 13  6  6  1  2  1  0  0  0  0  0  0  0
  0  0  0  0  0  0  0  0  0  0]"
0.042005,"[ 0  0  0  0  0  0  0  0  0  0  0  0  0  0  0  0  1  0  0  1  1  5  6 14 19
 26 32 50 54 61 64 73 62 43 28 21 19 11  3  5  0  0  0  1  0  0  0  0  0  0
  0  0  0  0  0  0  0  0  0  0]"
0.043005,"[ 0  0  0  0  0  0  0  0  0  0  0  0  0  0  0  0  0  2  2  3  0  5  8 12 18
 24 40 50 54 56 65 57 62 51 21 37 15  7  5  3  2  0  0  1  0  0  0  0  0  0
  0  0  0  0  0  0  0  0  0  0]"
0.044005,"[ 0  0  0  0  0  0  0  0  0  0  0  0  0  0  0  0  0  0  0  1  1  5 10 16 17
 23 46 42 51 57 66 63 61 36 37 33 20 10  3  1  0  1  0  0  0  0  0  0  0  0
  0  0  0  0  0  0  0  0  0  0]"
0.045005,"[ 0  0  0  0  0  0  0  0  0  0  0  0  0  0  0  0  0  0  1  0  3  3 10 18 36
 29 51 58 52 65 54 50 37 41 33 26 16  7  5  1  1  2  0  1  0  0  0  0  0  0
  0  0  0  0  0  0  0  0  0  0]"
0.046005,"[ 0  0  0  0  0  0  0  0  0  0  0  0  0  0  0  0  0  0  1  1  4  6  5 17 17
 33 43 56 48 82 69 51 43 35 25 24 16 13  8  3  0  0  0  0  0  0  0  0  0  0
  0  0  0  0  0  0  0  0  0  0]"
0.047005,"[ 0  0  0  0  0  0  0  0  0  0  0  0  0  0  0  0  0  0  0  0  0  5 12 13 22
 30 41 59 54 53 66 61 44 38 29 30 14 14  9  2  4  0  0  0  0  0  0  0  0  0
  0  0  0  0  0  0  0  0  0  0]"
0.048005,"[ 0  0  0  0  0  0  0  0  0  0  0  0  0  0  0  0  0  0  2  2  3  5 10 13 21
 31 38 51 54 60 69 58 44 44 34 23 13 13  9  1  2  0  0  0  0  0  0  0  0  0
  0  0  0  0  0  0  0  0  0  0]"
0.049005,"[ 0  0  0  0  0  0  0  0  0  0  0  0  0  0  0  0  0  0  2  4  1  8 11 14 18
 25 40 48 41 71 69 63 59 37 31 21 11 11  7  5  0  2  1  0  0  0  0  0  0  0
  0  0  0  0  0  0  0  0  0  0]"
0.050005,"[ 0  0  0  0  0  0  0  0  0  0  0  0  0  0  0  0  0  0  1  1  2  4  6  8 18
 34 40 45 57 60 75 57 54 39 26 28 21  7  7  6  1  0  2  1  0  0  0  0  0  0
  0  0  0  0  0  0  0  0  0  0]"
0.051005,"[ 0  0  0  0  0  0  0  0  0  0  0  0  0  0  0  0  0  0  1  1  5  7  5 12 17
 35 52 56 72 64 63 54 41 32 31 22 17  6  2  3  2  0  0  0  0  0  0  0  0  0
  0  0  0  0  0  0  0  0  0  0]"
0.052005,"[ 0  0  0  0  0  0  0  0  0  0  0  0  0  0  0  0  0  0  0  1  2  3  7 10 22
 37 42 48 52 58 63 65 53 51 33 22 12 11  4  2  1  1  0  0  0  0  0  0  0  0
  0  0  0  0  0  0  0  0  0  0]"
0.053005,"[ 0  0  0  0  0  0  0  0  0  0  0  0  0  0  0  0  0  1  3  1  5  4 12 14 21
 39 37 45 58 68 51 59 50 41 31 24 21  8  5  1  0  0  0  1  0  0  0  0  0  0
  0  0  0  0  0  0  0  0  0  0]"
0.054005,"[ 0  0  0  0  0  0  0  0  0  0  0  0  0  0  0  0  0  0  0  2  4  4 13 13 20
 31 34 58 58 52 64 57 43 54 35 24 13 10  4  3  3  1  0  0  0  0  0  0  0  0
  0  0  0  0  0  0  0  0  0  0]"
0.055005,"[ 0  0  0  0  0  0  0  0  0  0  0  0  0  0  0  0  0  0  1  0  3  6  6 11 21
 30 36 51 64 53 61 59 50 44 29 31 22  9  8  3  1  1  0  0  0  0  0  0  0  0
  0  0  0  0  0  0  0  0  0  0]"
0.056005,"[ 0  0  0  0  0  0  0  0  0  0  0  0  0  0  0  0  0  0  0  2  2  1  3 14 17
 27 46 46 67 62 74 69 48 38 30 21 15  6  7  3  1  0  1  0  0  0  0  0  0  0
  0  0  0  0  0  0  0  0  0  0]"
0.057005,"[ 0  0  0  0  0  0  0  0  0  0  0  0  0  0  0  0  0  0  1  3  4  6  9 13 19
 30 29 52 75 57 80 50 51 34 32 20 16 12  3  2  2  0  0  0  0  0  0  0  0  0
  0  0  0  0  0  0  0  0  0  0]"
0.058005,"[ 0  0  0  0  0  0  0  0  0  0  0  0  0  0  0  0  0  0  0  0  3  6  4 11 23
 34 49 61 61 58 60 50 45 49 34 16 16  8  6  1  4  1  0  0  0  0  0  0  0  0
  0  0  0  0  0  0  0  0  0  0]"
0.059005,"[ 0  0  0  0  0  0  0  0  0  0  0  0  0  0  0  0  1  1  1  4  2  8 12 21 24
 34 44 47 47 63 60 60 54 38 37 17  6  9  5  1  3  1  0  0  0  0  0  0  0  0
  0  0  0  0  0  0  0  0  0  0]"
0.060005,"[ 0  0  0  0  0  0  0  0  0  0  0  0  0  0  0  0  0  0  0  1  2  6  9 11 24
 31 43 55 58 71 59 56 54 41 26 20 11  8  7  4  1  2  0  0  0  0  0  0  0  0
  0  0  0  0  0  0  0  0  0  0]"
0.061005,"[ 0  0  0  0  0  0  0  0  0  0  0  0  0  0  0  0  0  1  0  3  1  2  6 16 21
 21 33 58 62 60 72 58 52 43 41 26 11  7  2  2  0  1  1  0  0  0  0  0  0  0
  0  0  0  0  0  0  0  0  0  0]"
0.062005,"[ 0  0  0  0  0  0  0  0  0  0  0  0  0  0  0  0  0  0  2  3  1  3  8  7 27
 32 43 51 42 64 63 61 49 42 39 21 12 12  8  6  3  0  1  0  0  0  0  0  0  0
  0  0  0  0  0  0  0  0  0  0]"
0.063005,"[ 0  0  0  0  0  0  0  0  0  0  0  0  0  0  0  0  0  1  0  1  4  5  7 16 19
 34 59 59 53 65 56 52 52 35 23 16 19  7  9  5  2  1  0  0  0  0  0  0  0  0
  0  0  0  0  0  0  0  0  0  0]"
0.064005,"[ 0  0  0  0  0  0  0  0  0  0  0  0  0  0  0  0  0  2  1  3  4  4  7 21 29
 30 43 63 67 60 50 65 42 27 35 14 16 10  6  0  1  0  0  0  0  0  0  0  0  0
  0  0  0  0  0  0  0  0  0  0]"
0.065005,"[ 0  0  0  0  0  0  0  0  0  0  0  0  0  0  0  0  0  0  1  2  3  2 12 21 17
 24 31 50 61 57 64 68 50 38 28 23 25 10 11  2  0  0  0  0  0  0  0  0  0  0
  0  0  0  0  0  0  0  0  0  0]"
0.066005,"[ 0  0  0  0  0  0  0  0  0  0  0  0  0  0  0  0  1  0  1  7  3  4 11 17 15
 27 45 50 54 59 67 72 45 42 25 25 10 14  5  0  1  0  0  0  0  0  0  0  0  0
  0  0  0  0  0  0  0  0  0  0]"
0.067005,"[ 0  0  0  0  0  0  0  0  0  0  0  0  0  0  1  0  1  0  2  2  5  1 10 16 19
 35 35 45 51 54 67 58 56 58 38 17 15  5  5  3  0  0  1  0  0  0  0  0  0  0
  0  0  0  0  0  0  0  0  0  0]"
0.068005,"[ 0  0  0  0  0  0  0  0  0  0  0  0  0  0  0  0  0  0  0  0  1  7  5 15 29
 32 30 46 69 82 77 49 46 33 32 15 13  9  6  2  1  1  0  0  0  0  0  0  0  0
  0  0  0  0  0  0  0  0  0  0]"
0.069005,"[ 0  0  0  0  0  0  0  0  0  0  0  0  0  0  0  0  0  2  2  0  1  3  9 23 28
 27 36 48 64 65 62 51 50 35 36 32 10  4  5  6  1  0  0  0  0  0  0  0  0  0
  0  0  0  0  0  0  0  0  0  0]"
0.070005,"[ 0  0  0  0  0  0  0  0  0  0  0  0  0  0  0  0  0  0  1  0  1 10 12 15 23
 42 39 55 58 60 57 53 46 47 31 29 10  7  2  0  1  0  1  0  0  0  0  0  0  0
  0  0  0  0  0  0  0  0  0  0]"
0.071005,"[ 0  0  0  0  0  0  0  0  0  0  0  0  0  0  0  0  0  0  1  1  4  4 14 17 27
 37 44 51 53 64 59 56 53 38 23 20 14 10  3  4  2  1  0  0  0  0  0  0  0  0
  0  0  0  0  0  0  0  0  0  0]"
0.072005,"[ 0  0  0  0  0  0  0  0  0  0  0  0  0  0  0  0  1  0  1  2  4  4 14 11 21
 38 37 43 64 52 56 64 76 29 33 17 19  9  2  0  1  1  0  0  1  0  0  0  0  0
  0  0  0  0  0  0  0  0  0  0]"
0.073005,"[ 0  0  0  0  0  0  0  0  0  0  0  0  0  0  0  0  1  1  2  2  2  9 11 21 21
 37 43 52 51 71 63 51 48 39 27 25 14  6  1  1  1  0  0  0  0  0  0  0  0  0
  0  0  0  0  0  0  0  0  0  0]"
0.074005,"[ 0  0  0  0  0  0  0  0  0  0  0  0  0  0  0  0  0  1  0  1  2  8 13 10 12
 30 49 48 52 63 69 59 55 43 36 17 15  9  4  0  4  0  0  0  0  0  0  0  0  0
  0  0  0  0  0  0  0  0  0  0]"
0.075005,"[ 0  0  0  0  0  0  0  0  0  0  0  0  0  0  0  1  0  0  0  1  4  6  3 15 26
 36 59 60 63 69 57 46 43 38 21 16 17  9  6  3  0  1  0  0  0  0  0  0  0  0
  0  0  0  0  0  0  0  0  0  0]"
0.076005,"[ 0  0  0  0  0  0  0  0  0  0  0  0  0  0  0  0  2  0  1  2  2  6  9 14 21
 34 34 39 55 77 51 70 56 31 31 26  9 14  9  6  0  0  0  0  1  0  0  0  0  0
  0  0  0  0  0  0  0  0  0  0]"
0.077005,"[ 0  0  0  0  0  0  0  0  0  0  0  0  0  0  0  0  0  0  0  1  0 11 21 13 21
 30 37 45 64 64 62 53 57 41 29 19  9 11  5  1  6  0  0  0  0  0  0  0  0  0
  0  0  0  0  0  0  0  0  0  0]"
0.078005,"[ 0  0  0  0  0  0  0  0  0  0  0  0  0  0  0  0  0  0  0  4  3  8  8 22 28
 46 40 39 45 50 74 44 40 46 34 25 20  9  4  4  3  2  2  0  0  0  0  0  0  0
  0  0  0  0  0  0  0  0  0  0]"
0.079005,"[ 0  0  0  0  0  0  0  0  0  0  0  0  0  0  0  0  0  0  0  2  2  9 11 15 37
 35 30 62 55 52 51 56 56 33 32 26 15  9  4  5  3  0  0  0  0  0  0  0  0  0
  0  0  0  0  0  0  0  0  0  0]"
0.080005,"[ 0  0  0  0  0  0  0  0  0  0  0  0  0  0  0  0  0  1  0  1  0  6  8 21 25
 38 45 63 50 46 64 62 49 30 34 23 15 12  4  1  1  1  0  0  0  0  0  0  0  0
  0  0  0  0  0  0  0  0  0  0]"
0.081005,"[ 0  0  0  0  0  0  0  0  0  0  0  0  0  0  0  0  0  0  0  3  3  5 16 11 23
 24 44 44 66 66 46 61 56 38 37 15 17 11  5  5  1  1  2  0  0  0  0  0  0  0
  0  0  0  0  0  0  0  0  0  0]"
0.082005,"[ 0  0  0  0  0  0  0  0  0  0  0  0  0  0  0  0  0  1  1  1  2  5  8  9 19
 37 35 46 60 66 65 55 48 39 40 22 13 14  6  3  3  2  0  0  0  0  0  0  0  0
  0  0  0  0  0  0  0  0  0  0]"
0.083005,"[ 0  0  0  0  0  0  0  0  0  0  0  0  0  0  0  0  1  0  0  3  5  6 11 15 23
 32 34 56 68 76 59 48 38 38 26 19 15 11  9  3  3  0  1  0  0  0  0  0  0  0
  0  0  0  0  0  0  0  0  0  0]"
0.084005,"[ 0  0  0  0  0  0  0  0  0  0  0  0  0  0  0  0  0  0  0  2  1  1  7 17 23
 24 33 46 56 73 63 59 64 47 24 30 15  4  6  4  1  0  0  0  0  0  0  0  0  0
  0  0  0  0  0  0  0  0  0  0]"
0.085005,"[ 0  0  0  0  0  0  0  0  0  0  0  0  0  0  0  0  0  0  1  0  1  3  9 22 37
 30 39 57 67 66 69 36 51 37 27 22  9  8  5  3  1  0  0  0  0  0  0  0  0  0
  0  0  0  0  0  0  0  0  0  0]"
0.086005,"[ 0  0  0  0  0  0  0  0  0  0  0  0  0  0  0  0  0  0  0  0  7  4 14 13 20
 32 45 40 61 69 66 57 55 46 31 17 15  1  3  2  2  0  0  0  0  0  0  0  0  0
  0  0  0  0  0  0  0  0  0  0]"
0.087005,"[ 0  0  0  0  0  0  0  0  0  0  0  0  0  0  0  0  0  0  0  1  5  3  7 14 30
 38 30 53 57 67 66 65 48 48 20 16 14  8  3  4  2  0  1  0  0  0  0  0  0  0
  0  0  0  0  0  0  0  0  0  0]"
0.088005,"[ 0  0  0  0  0  0  0  0  0  0  0  0  0  0  0  0  1  0  1  0  2  6 11 17 16
 27 37 51 49 64 60 51 53 36 41 30 15 12  8 10  2  0  0  0  0  0  0  0  0  0
  0  0  0  0  0  0  0  0  0  0]"
0.089005,"[ 0  0  0  0  0  0  0  0  0  0  0  0  0  0  0  0  0  0  3  1  2 15 15 19 32
 33 40 65 65 50 62 43 48 33 23 17 18  8  1  3  2  1  0  1  0  0  0  0  0  0
  0  0  0  0  0  0  0  0  0  0]"
0.090005,"[ 0  0  0  0  0  0  0  0  0  0  0  0  0  0  0  0  0  1  0  4  5  8 17 21 26
 42 55 62 54 63 46 53 41 33 29 13 13  6  3  4  1  0  0  0  0  0  0  0  0  0
  0  0  0  0  0  0  0  0  0  0]"
0.091005,"[ 0  0  0  0  0  0  0  0  0  0  0  0  0  0  0  0  0  0  0  2  0  2  7  8 14
 28 42 44 42 83 66 64 52 52 28 27 16  9 10  2  2  0  0  0  0  0  0  0  0  0
  0  0  0  0  0  0  0  0  0  0]"
0.092005,"[ 0  0  0  0  0  0  0  0  0  0  0  0  0  0  0  0  0  2  1  2  8  8 17 19 27
 39 42 57 62 49 66 53 48 39 21 20  9  5  3  2  0  1  0  0  0  0  0  0  0  0
  0  0  0  0  0  0  0  0  0  0]"
0.093005,"[ 0  0  0  0  0  0  0  0  0  0  0  0  0  0  0  0  3  0  0  3  2  6 13 14 26
 38 42 51 57 56 68 57 56 36 34 13 12  9  3  1  0  0  0  0  0  0  0  0  0  0
  0  0  0  0  0  0  0  0  0  0]"
0.094005,"[ 0  0  0  0  0  0  0  0  0  0  0  0  0  0  0  0  0  0  1  0  5  6  6 20 19
 36 36 48 51 55 71 68 51 39 25 28 10 13  3  2  3  2  2  0  0  0  0  0  0  0
  0  0  0  0  0  0  0  0  0  0]"
0.095005,"[ 0  0  0  0  0  0  0  0  0  0  0  0  0  0  0  0  1  0  0  2  2  7 11 19 19
 37 40 40 63 58 52 53 45 46 39 32 12 11  5  4  2  0  0  0  0  0  0  0  0  0
  0  0  0  0  0  0  0  0  0  0]"
0.096005,"[ 0  0  0  0  0  0  0  0  0  0  0  0  0  0  0  0  0  0  0  2  2  7  6 20 30
 37 44 55 51 68 59 51 39 55 22 22 17  5  3  4  0  0  1  0  0  0  0  0  0  0
  0  0  0  0  0  0  0  0  0  0]"
0.097005,"[ 0  0  0  0  0  0  0  0  0  0  0  0  0  0  0  0  0  0  1  2  3  4 12 12 21
 34 37 54 58 53 71 58 54 43 28 19 20  6  6  1  1  1  0  1  0  0  0  0  0  0
  0  0  0  0  0  0  0  0  0  0]"
0.098005,"[ 0  0  0  0  0  0  0  0  0  0  0  0  0  0  0  0  0  0  0  1  1  6  6 15 29
 27 45 49 48 68 63 63 64 31 35 22 10  8  8  1  0  0  0  0  0  0  0  0  0  0
  0  0  0  0  0  0  0  0  0  0]"
0.099005,"[ 0  0  0  0  0  0  0  0  0  0  0  0  0  0  0  0  0  0  1  3  5  6 12 17 18
 41 40 49 62 63 62 50 40 33 46 21 15  7  4  2  2  0  0  0  1  0  0  0  0  0
  0  0  0  0  0  0  0  0  0  0]"
0.100005,"[ 0  0  0  0  0  0  0  0  0  0  0  0  0  0  0  0  1  0  0  4  1  9 12 23 24
 38 49 63 55 52 56 49 43 35 27 12 20 10 11  2  1  3  0  0  0  0  0  0  0  0
  0  0  0  0  0  0  0  0  0  0]"
0.101005,"[ 0  0  0  0  0  0  0  0  0  0  0  0  0  0  0  0  1  1  1  2  5  4 11 21 26
 38 46 50 62 71 72 48 35 40 22 18 10  8  4  3  0  1  0  0  0  0  0  0  0  0
  0  0  0  0  0  0  0  0  0  0]"
0.102005,"[ 0  0  0  0  0  0  0  0  0  0  0  0  0  0  0  0  1  0  0  5  6 10 13 17 28
 32 53 53 62 67 52 48 49 33 33 15 12  9  2  0  0  0  0  0  0  0  0  0  0  0
  0  0  0  0  0  0  0  0  0  0]"
0.103005,"[ 0  0  0  0  0  0  0  0  0  0  0  0  0  0  0  0  0  0  1  3  2  5 13 19 27
 37 42 54 46 63 66 58 43 41 32 16 11  9 10  1  1  0  0  0  0  0  0  0  0  0
  0  0  0  0  0  0  0  0  0  0]"
0.104005,"[ 0  0  0  0  0  0  0  0  0  0  0  0  0  0  0  0  1  2  1  3  9  4 14 18 26
 35 32 51 63 66 77 44 52 40 33  7 13  6  2  1  0  0  0  0  0  0  0  0  0  0
  0  0  0  0  0  0  0  0  0  0]"
0.105005,"[ 0  0  0  0  0  0  0  0  0  0  0  0  0  0  0  1  0  0  3  3  0  7 15 20 22
 31 38 49 73 71 52 53 47 35 22 19 16  9  5  3  5  1  0  0  0  0  0  0  0  0
  0  0  0  0  0  0  0  0  0  0]"
0.106005,"[ 0  0  0  0  0  0  0  0  0  0  0  0  0  0  1  0  0  0  0  2  3  3  4 13 30
 27 47 58 54 56 73 57 49 42 25 21 13  9  5  6  1  1  0  0  0  0  0  0  0  0
  0  0  0  0  0  0  0  0  0  0]"
0.107005,"[ 0  0  0  0  0  0  0  0  0  0  0  0  0  0  0  0  1  0  1  3  5  6 13 18 29
 35 44 42 62 67 66 44 51 33 32 24 11  7  4  2  0  0  0  0  0  0  0  0  0  0
  0  0  0  0  0  0  0  0  0  0]"
0.108005,"[ 0  0  0  0  0  0  0  0  0  0  0  0  0  0  0  0  0  0  0  2  4  9 18 26 34
 44 50 46 61 61 53 46 45 39 21 13 14  5  2  1  4  1  1  0  0  0  0  0  0  0
  0  0  0  0  0  0  0  0  0  0]"
0.109005,"[ 0  0  0  0  0  0  0  0  0  0  0  0  0  0  0  0  0  0  0  1  2  7 15 25 18
 27 39 41 68 65 58 57 41 41 33 28 22  6  5  0  0  1  0  0  0  0  0  0  0  0
  0  0  0  0  0  0  0  0  0  0]"
0.110005,"[ 0  0  0  0  0  0  0  0  0  0  0  0  0  0  0  0  0  0  0  0  4  5 14 17 21
 24 34 49 76 66 54 67 55 31 30 17 15  9  4  7  0  1  0  0  0  0  0  0  0  0
  0  0  0  0  0  0  0  0  0  0]"
0.111005,"[ 0  0  0  0  0  0  0  0  0  0  0  0  0  1  0  2  0  1  1  0  5  7 12 16 25
 46 37 49 69 55 57 68 41 37 25 12 13 14  3  1  2  1  0  0  0  0  0  0  0  0
  0  0  0  0  0  0  0  0  0  0]"
0.112005,"[ 0  0  0  0  0  0  0  0  0  0  0  0  0  0  0  0  0  1  0  0  4  8 10 18 26
 38 45 40 62 50 67 69 41 47 27 13 11  9  8  5  1  0  0  0  0  0  0  0  0  0
  0  0  0  0  0  0  0  0  0  0]"
0.113005,"[ 0  0  0  0  0  0  0  0  0  0  0  0  0  0  0  0  0  0  0  2 11 11 17 28 33
 40 42 43 59 68 56 42 41 45 19 16  9  7  5  4  1  1  0  0  0  0  0  0  0  0
  0  0  0  0  0  0  0  0  0  0]"
0.114005,"[ 0  0  0  0  0  0  0  0  0  0  0  0  0  0  0  0  0  0  1  0  7  5 21 13 21
 36 40 57 73 65 63 50 41 35 25 17 14  7  5  1  2  0  0  1  0  0  0  0  0  0
  0  0  0  0  0  0  0  0  0  0]"
0.115005,"[ 0  0  0  0  0  0  0  0  0  0  0  0  0  0  0  0  0  2  0  3  4 11 12 23 34
 38 42 40 45 62 65 58 47 38 30 16 12  8  8  1  1  0  0  0  0  0  0  0  0  0
  0  0  0  0  0  0  0  0  0  0]"
0.116005,"[ 0  0  0  0  0  0  0  0  0  0  0  0  0  0  0  0  0  1  1  1  2  5 11 18 31
 40 48 57 53 61 64 55 56 44 24  6 12  3  4  1  2  0  0  0  0  0  0  0  0  0
  0  0  0  0  0  0  0  0  0  0]"
0.117005,"[ 0  0  0  0  0  0  0  0  0  0  0  0  0  0  1  0  0  0  0  2  3  6 14 23 26
 41 33 39 56 58 57 57 45 47 21 30 12 14  7  5  2  1  0  0  0  0  0  0  0  0
  0  0  0  0  0  0  0  0  0  0]"
0.118005,"[ 0  0  0  0  0  0  0  0  0  0  0  0  0  0  0  0  0  1  3  0  9  4 20 20 24
 26 55 72 55 48 64 64 33 33 24 23 11  3  4  4  0  0  0  0  0  0  0  0  0  0
  0  0  0  0  0  0  0  0  0  0]"
0.119005,"[ 0  0  0  0  0  0  0  0  0  0  0  0  0  0  0  0  1  0  0  1  2  8  7 18 33
 30 39 63 83 65 55 35 35 36 31 29 15  6  5  1  1  1  0  0  0  0  0  0  0  0
  0  0  0  0  0  0  0  0  0  0]"
0.120005,"[ 0  0  0  0  0  0  0  0  0  0  0  0  0  0  0  0  0  2  1  4  2  7 16 19 30
 35 55 55 54 62 60 54 47 35 29  9 14  3  7  0  0  0  0  0  0  0  0  0  0  0
  0  0  0  0  0  0  0  0  0  0]"
0.121005,"[ 0  0  0  0  0  0  0  0  0  0  0  0  0  0  0  0  0  0  1  3  5 12 16 21 32
 41 47 54 69 50 61 38 46 37 23 13 14 12  5  0  0  0  0  0  0  0  0  0  0  0
  0  0  0  0  0  0  0  0  0  0]"
0.122005,"[ 0  0  0  0  0  0  0  0  0  0  0  0  0  0  0  0  0  0  3  2  3  4 10 23 21
 34 27 52 71 70 54 59 41 35 42 19 11  6  5  3  2  3  0  0  0  0  0  0  0  0
  0  0  0  0  0  0  0  0  0  0]"
0.123005,"[ 0  0  0  0  0  0  0  0  0  0  0  0  0  0  0  0  0  0  0  1  4 12 16 25 38
 58 65 50 68 61 43 47 42 22 21 12  6  5  2  1  0  1  0  0  0  0  0  0  0  0
  0  0  0  0  0  0  0  0  0  0]"
0.124005,"[ 0  0  0  0  0  0  0  0  0  0  0  0  0  0  0  0  0  1  0  0  5  4 13 26 33
 30 53 54 57 64 49 48 46 32 31 24 13  7  8  0  2  0  0  0  0  0  0  0  0  0
  0  0  0  0  0  0  0  0  0  0]"
0.125005,"[ 0  0  0  0  0  0  0  0  0  0  0  0  0  0  0  0  0  2  1  4  4 12 17 10 32
 47 47 67 56 58 60 52 33 40 25 13  9  8  2  1  0  0  0  0  0  0  0  0  0  0
  0  0  0  0  0  0  0  0  0  0]"
0.126005,"[ 0  0  0  0  0  0  0  0  0  0  0  0  0  0  0  0  2  0  2  2  6 10 15 32 35
 46 45 52 58 68 70 43 31 37 14 15 11  3  1  1  1  0  0  0  0  0  0  0  0  0
  0  0  0  0  0  0  0  0  0  0]"
0.127005,"[ 0  0  0  0  0  0  0  0  0  0  0  0  0  0  0  0  0  0  1  5  2  8  9 22 20
 43 51 56 55 67 67 51 45 36 25 16 10  5  1  2  1  2  0  0  0  0  0  0  0  0
  0  0  0  0  0  0  0  0  0  0]"
0.128005,"[ 0  0  0  0  0  0  0  0  0  0  0  0  0  0  0  0  0  0  1  3  2  5  7 17 32
 36 39 63 61 66 65 58 57 28 28 15  4  4  4  3  2  0  0  0  0  0  0  0  0  0
  0  0  0  0  0  0  0  0  0  0]"
0.129005,"[ 0  0  0  0  0  0  0  0  0  0  0  0  0  0  0  0  0  1  1  1  1  8  8 20 24
 42 56 50 62 47 78 46 41 34 31 19 13  9  3  2  2  1  0  0  0  0  0  0  0  0
  0  0  0  0  0  0  0  0  0  0]"
0.130005,"[ 0  0  0  0  0  0  0  0  0  0  0  0  0  0  0  0  0  0  0  2  7  4 11 25 35
 41 54 61 69 59 59 38 29 36 19 15 17 10  4  1  1  3  0  0  0  0  0  0  0  0
  0  0  0  0  0  0  0  0  0  0]"
0.131005,"[ 0  0  0  0  0  0  0  0  0  0  0  0  0  0  0  0  0  0  0  3  2  2 16 20 27
 28 51 47 52 63 72 58 53 33 32 24  8  3  1  0  3  2  0  0  0  0  0  0  0  0
  0  0  0  0  0  0  0  0  0  0]"
0.132005,"[ 0  0  0  0  0  0  0  0  0  0  0  0  0  0  0  0  1  0  0  0  7  5 16 17 36
 47 48 58 54 57 53 66 45 27 22 20 12  5  3  0  0  1  0  0  0  0  0  0  0  0
  0  0  0  0  0  0  0  0  0  0]"
0.133005,"[ 0  0  0  0  0  0  0  0  0  0  0  0  0  0  0  0  1  1  2  2  6  8 10 23 24
 43 36 58 59 58 56 59 52 34 21 21 12  4  4  4  2  0  0  0  0  0  0  0  0  0
  0  0  0  0  0  0  0  0  0  0]"
0.134005,"[ 0  0  0  0  0  0  0  0  0  0  0  0  0  0  0  0  0  0  1  4  4  4  9 11 19
 25 44 52 79 59 66 50 56 39 26 20 12 10  3  4  0  0  3  0  0  0  0  0  0  0
  0  0  0  0  0  0  0  0  0  0]"
0.135005,"[ 0  0  0  0  0  0  0  0  0  0  0  1  0  1  0  0  0  0  1  0  5 12 21 20 26
 38 41 45 52 61 57 57 48 31 32 25 13  4  5  4  0  0  0  0  0  0  0  0  0  0
  0  0  0  0  0  0  0  0  0  0]"
0.136005,"[ 0  0  0  0  0  0  0  0  0  0  0  0  0  0  0  1  0  1  0  5  2 11 14 18 30
 35 49 63 50 64 66 57 35 38 28 13 11  5  3  0  1  0  0  0  0  0  0  0  0  0
  0  0  0  0  0  0  0  0  0  0]"
0.137005,"[ 0  0  0  0  0  0  0  0  0  0  0  0  0  0  0  0  0  2  0  0  3  3 16 11 18
 35 62 61 86 60 47 54 52 28 22 17  9 12  1  0  1  0  0  0  0  0  0  0  0  0
  0  0  0  0  0  0  0  0  0  0]"
0.138005,"[ 0  0  0  0  0  0  0  0  0  0  0  0  0  0  0  0  1  1  2  0  3  6 12 17 21
 31 30 59 58 67 59 44 58 44 28 19 14 15  8  1  1  0  0  1  0  0  0  0  0  0
  0  0  0  0  0  0  0  0  0  0]"
0.139005,"[ 0  0  0  0  0  0  0  0  0  0  0  0  0  0  0  0  0  1  0  0  2  8 13 25 26
 38 44 57 61 64 53 54 43 35 37 12 12  6  4  5  0  0  0  0  0  0  0  0  0  0
  0  0  0  0  0  0  0  0  0  0]"
0.140005,"[ 0  0  0  0  0  0  0  0  0  0  0  0  0  0  0  0  0  0  0  2  2  6 22 28 24
 39 42 50 67 64 60 55 56 32 24 15  6  3  3  0  0  0  0  0  0  0  0  0  0  0
  0  0  0  0  0  0  0  0  0  0]"
0.141005,"[ 0  0  0  0  0  0  0  0  0  0  0  0  0  0  0  0  0  0  1  2  3  7  8 18 24
 39 43 59 63 65 53 49 49 36 31 21 13 10  4  1  0  0  0  1  0  0  0  0  0  0
  0  0  0  0  0  0  0  0  0  0]"
0.142005,"[ 0  0  0  0  0  0  0  0  0  0  0  0  0  0  0  1  1  1  6  0 10  0 10 14 25
 29 39 65 65 60 56 52 53 36 28 21 10  8  5  1  4  0  0  0  0  0  0  0  0  0
  0  0  0  0  0  0  0  0  0  0]"
0.143005,"[ 0  0  0  0  0  0  0  0  0  0  0  0  0  0  0  0  0  0  0  1  3  6 15 25 27
 44 43 55 67 68 57 56 36 48 14 13 12  4  5  1  0  0  0  0  0  0  0  0  0  0
  0  0  0  0  0  0  0  0  0  0]"
0.144005,"[ 0  0  0  0  0  0  0  0  0  0  0  0  0  0  0  0  0  0  1  3  7  8  9 22 34
 31 49 64 52 73 56 65 45 26 23 11 10  4  4  3  0  0  0  0  0  0  0  0  0  0
  0  0  0  0  0  0  0  0  0  0]"
0.145005,"[ 0  0  0  0  0  0  0  0  0  0  0  0  0  0  0  0  0  1  0  3  9 12 18 15 31
 48 54 52 62 46 69 57 30 40 18 16 13  2  3  0  1  0  0  0  0  0  0  0  0  0
  0  0  0  0  0  0  0  0  0  0]"
0.146005,"[ 0  0  0  0  0  0  0  0  0  0  0  0  0  0  0  0  1  1  0  2  5  8 10 26 41
 41 47 68 54 56 56 45 33 41 25 17 11  5  3  1  2  0  1  0  0  0  0  0  0  0
  0  0  0  0  0  0  0  0  0  0]"
0.147005,"[ 0  0  0  0  0  0  0  0  0  0  0  0  0  0  0  0  1  0  0  0  2  6 14 13 29
 54 32 54 58 47 61 65 45 43 36 21 13  4  1  1  0  0  0  0  0  0  0  0  0  0
  0  0  0  0  0  0  0  0  0  0]"
0.148005,"[ 0  0  0  0  0  0  0  0  0  0  0  0  0  0  0  0  0  0  1  3  4 10 16 21 28
 46 46 53 64 67 65 42 42 33 27 13  8  7  1  1  1  0  0  0  0  1  0  0  0  0
  0  0  0  0  0  0  0  0  0  0]"
0.149005,"[ 0  0  0  0  0  0  0  0  0  0  0  0  0  0  1  0  2  2  0  4  2 14 16 20 39
 39 41 58 59 55 53 50 52 28 30 15 11  8  1  0  0  0  0  0  0  0  0  0  0  0
  0  0  0  0  0  0  0  0  0  0]"
0.150005,"[ 0  0  0  0  0  0  0  0  0  0  0  0  0  0  0  0  1  0  2  4  4 10 18 28 42
 46 44 54 52 62 69 31 41 31 25 14 11  3  4  2  2  0  0  0  0  0  0  0  0  0
  0  0  0  0  0  0  0  0  0  0]"
0.151005,"[ 0  0  0  0  0  0  0  0  0  0  0  0  0  0  0  0  0  0  2  3  3 13 12 17 12
 40 36 48 55 69 57 65 50 46 23 17  8 15  5  3  1  0  0  0  0  0  0  0  0  0
  0  0  0  0  0  0  0  0  0  0]"
